1	H	1	1.007825
        2	2.014101
        3	3.016049
2	He	3	3.016029
        4	4.002603
3	Li	6	6.015122
        7	7.016003
4	Be	9	9.012183
5	B	10	10.012936
        11	11.009305
6	C	12	12.000000
        13	13.003354
        14	14.003241
7	N	14	14.003074
        15	15.000108
8	O	16	15.994914
        17	16.999131
        18	17.999159
9	F	19	18.998403
10	Ne	20	19.992440
        21	20.993846
        22	21.991385
11	Na	23	22.989769
12	Mg	24	23.985041
        25	24.985836
        26	25.982592
13	Al	27	26.981538
14	Si	28	27.976926
        29	28.976494
        30	29.973770
15	P	31	30.973761
16	S	32	31.972071
        33	32.971458
        34	33.967867
        36	35.967080
17	Cl	35	34.968852
        37	36.965902
18	Ar	36	35.967545
        38	37.962732
        40	39.962383
19	K	39	38.963706
        40	39.963998
        41	40.961825
20	Ca	40	39.962590
        42	41.958617
        43	42.958766
        44	43.955481
        46	45.953689
        48	47.952522
21	Sc	45	44.955908
22	Ti	46	45.952627
        47	46.951758
        48	47.947941
        49	48.947865
        50	49.944786
23	V	50	49.947156
        51	50.943957
24	Cr	50	49.946041
        52	51.940506
        53	52.940648
        54	53.938879
25	Mn	55	54.938043
26	Fe	54	53.939608
        56	55.934936
        57	56.935392
        58	57.933274
27	Co	59	58.933194
28	Ni	58	57.935342
        60	59.930785
        61	60.931055
        62	61.928345
        64	63.927966
29	Cu	63	62.929597
        65	64.927789
30	Zn	64	63.929142
        66	65.926033
        67	66.927127
        68	67.924844
        70	69.925319
31	Ga	69	68.925573
        71	70.924702
32	Ge	70	69.924248
        72	71.922075
        73	72.923458
        74	73.921177
        76	75.921402
33	As	75	74.921594
34	Se	74	73.922475
        76	75.919213
        77	76.919914
        78	77.917309
        80	79.916521
        82	81.916699
35	Br	79	78.918337
        81	80.916289
36	Kr	78	77.920364
        80	79.916378
        82	81.913482
        83	82.914127
        84	83.911497
        86	85.910610
37	Rb	85	84.911789
        87	86.909180
38	Sr	84	83.913419
        86	85.909260
        87	86.908877
        88	87.905612
39	Y	89	88.905840
40	Zr	90	89.904697
        91	90.905639
        92	91.905034
        94	93.906310
        96	95.908271
41	Nb	93	92.906373
42	Mo	92	91.906807
        94	93.905084
        95	94.905838
        96	95.904676
        97	96.906018
        98	97.905404
        100	99.907471
43	Tc	97	96.906366
        98	97.907212
        99	98.906250
44	Ru	96	95.907590
        98	97.905286
        99	98.905934
        100	99.904214
        101	100.905576
        102	101.904344
        104	103.905427
45	Rh	103	102.905498
46	Pd	102	101.905602
        104	103.904030
        105	104.905079
        106	105.903480
        108	107.903891
        110	109.905172
47	Ag	107	106.905091
        109	108.904755
48	Cd	106	105.906459
        108	107.904183
        110	109.903006
        111	110.904182
        112	111.902762
        113	112.904408
        114	113.903365
        116	115.904763
49	In	113	112.904061
        115	114.903878
50	Sn	112	111.904823
        114	113.902782
        115	114.903344
        116	115.901742
        117	116.902953
        118	117.901606
        119	118.903311
        120	119.902201
        122	121.903443
        124	123.905276
51	Sb	121	120.903812
        123	122.904213
52	Te	120	119.904059
        122	121.903043
        123	122.904269
        124	123.902817
        125	124.904429
        126	125.903310
        128	127.904461
        130	129.906222
53	I	127	126.904471
54	Xe	124	123.905892
        126	125.904298
        128	127.903531
        129	128.904780
        130	129.903509
        131	130.905084
        132	131.904155
        134	133.905394
        136	135.907214
55	Cs	133	132.905451
56	Ba	130	129.906320
        132	131.905061
        134	133.904508
        135	134.905688
        136	135.904575
        137	136.905827
        138	137.905247
57	La	138	137.907114
        139	138.906356
58	Ce	136	135.907129
        138	137.905991
        140	139.905443
        142	141.909250
59	Pr	141	140.907657
60	Nd	142	141.907729
        143	142.909820
        144	143.910093
        145	144.912579
        146	145.913122
        148	147.916899
        150	149.920902
61	Pm	145	144.912755
        147	146.915145
62	Sm	144	143.912006
        147	146.914904
        148	147.914829
        149	148.917192
        150	149.917282
        152	151.919739
        154	153.922216
63	Eu	151	150.919857
        153	152.921238
64	Gd	152	151.919799
        154	153.920874
        155	154.922630
        156	155.922131
        157	156.923968
        158	157.924112
        160	159.927062
65	Tb	159	158.925354
66	Dy	156	155.924284
        158	157.924415
        160	159.925204
        161	160.926940
        162	161.926805
        163	162.928738
        164	163.929181
67	Ho	165	164.930328
68	Er	162	161.928788
        164	163.929208
        166	165.930299
        167	166.932054
        168	167.932376
        170	169.935470
69	Tm	169	168.934217
70	Yb	168	167.933889
        170	169.934766
        171	170.936330
        172	171.936385
        173	172.938215
        174	173.938866
        176	175.942576
71	Lu	175	174.940775
        176	175.942689
72	Hf	174	173.940046
        176	175.941407
        177	176.943227
        178	177.943705
        179	178.945823
        180	179.946557
73	Ta	180	179.947464
        181	180.947995
74	W	180	179.946710
        182	181.948203
        183	182.950222
        184	183.950930
        186	185.954362
75	Re	185	184.952954
        187	186.955750
76	Os	184	183.952488
        186	185.953835
        187	186.955747
        188	187.955835
        189	188.958144
        190	189.958443
        192	191.961477
77	Ir	191	190.960589
        193	192.962921
78	Pt	190	189.959929
        192	191.961038
        194	193.962680
        195	194.964791
        196	195.964952
        198	197.967894
79	Au	197	196.966568
80	Hg	196	195.965832
        198	197.966768
        199	198.968280
        200	199.968326
        201	200.970302
        202	201.970643
        204	203.973493
81	Tl	203	202.972344
        205	204.974427
82	Pb	204	203.973044
        206	205.974465
        207	206.975897
        208	207.976652
83	Bi	209	208.980399
84	Po	209	208.982430
        210	209.982874
85	At	210	209.987147
        211	210.987496
86	Rn	211	210.990601
        220	220.011394
        222	222.017578
87	Fr	223	223.019736
88	Ra	223	223.018502
        224	224.020212
        226	226.025410
        228	228.031070
89	Ac	227	227.027752
90	Th	230	230.033134
        232	232.038055
91	Pa	231	231.035884
92	U	233	233.039635
        234	234.040952
        235	235.043930
        236	236.045568
        238	238.050788
93	Np	236	236.046570
        237	237.048173
94	Pu	238	238.049560
        239	239.052163
        240	240.053813
        241	241.056851
        242	242.058742
        244	244.064205
95	Am	241	241.056829
        243	243.061381
96	Cm	243	243.061389
        244	244.062752
        245	245.065491
        246	246.067223
        247	247.070354
        248	248.072349
97	Bk	247	247.070307
        249	249.074987
98	Cf	249	249.074853
        250	250.076406
        251	251.079588
        252	252.081627
